# x
0.000000000000000000e+00
0.000000000000000000e+00
0.000000000000000000e+00
0.000000000000000000e+00
0.000000000000000000e+00
0.000000000000000000e+00
0.000000000000000000e+00
1.000000014901161194e-01
2.000000029802322388e-01
3.000000119209289551e-01
4.000000059604644775e-01
5.000000000000000000e-01
6.000000238418579102e-01
6.999999880790710449e-01
8.000000119209289551e-01
8.999999761581420898e-01
1.000000000000000000e+00
1.100000023841857910e+00
1.200000047683715820e+00
1.299999952316284180e+00
1.399999976158142090e+00
1.500000000000000000e+00
1.600000023841857910e+00
1.700000047683715820e+00
1.799999952316284180e+00
1.899999976158142090e+00
2.000000000000000000e+00
2.099999904632568359e+00
2.200000047683715820e+00
2.299999952316284180e+00
2.400000095367431641e+00
2.500000000000000000e+00
2.599999904632568359e+00
2.700000047683715820e+00
2.799999952316284180e+00
2.900000095367431641e+00
0.000000000000000000e+00
1.000000014901161194e-01
2.000000029802322388e-01
3.000000119209289551e-01
4.000000059604644775e-01
5.000000000000000000e-01
6.000000238418579102e-01
6.999999880790710449e-01
8.000000119209289551e-01
8.999999761581420898e-01
1.000000000000000000e+00
1.100000023841857910e+00
1.200000047683715820e+00
1.299999952316284180e+00
1.399999976158142090e+00
1.500000000000000000e+00
1.600000023841857910e+00
1.700000047683715820e+00
1.799999952316284180e+00
1.899999976158142090e+00
2.000000000000000000e+00
2.099999904632568359e+00
2.200000047683715820e+00
2.299999952316284180e+00
2.400000095367431641e+00
2.500000000000000000e+00
2.599999904632568359e+00
2.700000047683715820e+00
2.799999952316284180e+00
2.900000095367431641e+00
0.000000000000000000e+00
1.000000014901161194e-01
2.000000029802322388e-01
3.000000119209289551e-01
4.000000059604644775e-01
5.000000000000000000e-01
6.000000238418579102e-01
6.999999880790710449e-01
8.000000119209289551e-01
8.999999761581420898e-01
1.000000000000000000e+00
1.100000023841857910e+00
1.200000047683715820e+00
1.299999952316284180e+00
1.399999976158142090e+00
1.500000000000000000e+00
1.600000023841857910e+00
1.700000047683715820e+00
1.799999952316284180e+00
1.899999976158142090e+00
2.000000000000000000e+00
2.099999904632568359e+00
2.200000047683715820e+00
2.299999952316284180e+00
2.400000095367431641e+00
2.500000000000000000e+00
2.599999904632568359e+00
2.700000047683715820e+00
2.799999952316284180e+00
2.900000095367431641e+00
0.000000000000000000e+00
1.000000014901161194e-01
2.000000029802322388e-01
3.000000119209289551e-01
4.000000059604644775e-01
5.000000000000000000e-01
6.000000238418579102e-01
6.999999880790710449e-01
8.000000119209289551e-01
8.999999761581420898e-01
1.000000000000000000e+00
1.100000023841857910e+00
1.200000047683715820e+00
1.299999952316284180e+00
1.399999976158142090e+00
1.500000000000000000e+00
1.600000023841857910e+00
1.700000047683715820e+00
1.799999952316284180e+00
1.899999976158142090e+00
2.000000000000000000e+00
2.099999904632568359e+00
2.200000047683715820e+00
2.299999952316284180e+00
2.400000095367431641e+00
2.500000000000000000e+00
2.599999904632568359e+00
2.700000047683715820e+00
2.799999952316284180e+00
2.900000095367431641e+00
0.000000000000000000e+00
3.000000000000000000e+00
2.250000000000000000e+00
7.500000000000000000e-01
1.125000000000000000e+00
2.625000000000000000e+00
1.875000000000000000e+00
3.750000000000000000e-01
5.625000000000000000e-01
2.062500000000000000e+00
2.812500000000000000e+00
1.312500000000000000e+00
9.375000000000000000e-01
2.437500000000000000e+00
1.687500000000000000e+00
1.875000000000000000e-01
2.812500000000000000e-01
1.781250000000000000e+00
2.531250000000000000e+00
1.031250000000000000e+00
1.406250000000000000e+00
2.906250000000000000e+00
2.156250000000000000e+00
6.562500000000000000e-01
4.687500000000000000e-01
1.968750000000000000e+00
2.718750000000000000e+00
1.218750000000000000e+00
8.437500000000000000e-01
2.343750000000000000e+00
1.593750000000000000e+00
9.375000000000000000e-02
1.406250000000000000e-01
1.640625000000000000e+00
2.390625000000000000e+00
8.906250000000000000e-01
1.265625000000000000e+00
2.765625000000000000e+00
2.015625000000000000e+00
5.156250000000000000e-01
7.031250000000000000e-01
2.203125000000000000e+00
2.953125000000000000e+00
1.453125000000000000e+00
1.078125000000000000e+00
2.578125000000000000e+00
1.828125000000000000e+00
3.281250000000000000e-01
2.343750000000000000e-01
1.734375000000000000e+00
2.484375000000000000e+00
9.843750000000000000e-01
1.359375000000000000e+00
2.859375000000000000e+00
2.109375000000000000e+00
6.093750000000000000e-01
4.218750000000000000e-01
1.921875000000000000e+00
2.671875000000000000e+00
1.171875000000000000e+00
7.968750000000000000e-01
2.296875000000000000e+00
1.546875000000000000e+00
4.687500000000000000e-02
7.031250000000000000e-02
1.570312500000000000e+00
2.320312500000000000e+00
8.203125000000000000e-01
1.195312500000000000e+00
2.695312500000000000e+00
1.945312500000000000e+00
4.453125000000000000e-01
6.328125000000000000e-01
2.132812500000000000e+00
2.882812500000000000e+00
1.382812500000000000e+00
1.007812500000000000e+00
2.507812500000000000e+00
1.757812500000000000e+00
2.578125000000000000e-01
3.515625000000000000e-01
1.851562500000000000e+00
2.601562500000000000e+00
1.101562500000000000e+00
1.476562500000000000e+00
2.976562500000000000e+00
2.226562500000000000e+00
7.265625000000000000e-01
5.390625000000000000e-01
2.039062500000000000e+00
2.789062500000000000e+00
1.289062500000000000e+00
9.140625000000000000e-01
2.414062500000000000e+00
1.664062500000000000e+00
1.640625000000000000e-01
1.171875000000000000e-01
1.617187500000000000e+00
2.367187500000000000e+00
8.671875000000000000e-01
1.242187500000000000e+00
2.742187500000000000e+00
1.992187500000000000e+00
4.921875000000000000e-01
6.796875000000000000e-01
2.179687500000000000e+00
2.929687500000000000e+00
1.429687500000000000e+00
1.054687500000000000e+00
2.554687500000000000e+00
1.804687500000000000e+00
3.046875000000000000e-01
2.109375000000000000e-01
1.710937500000000000e+00
2.460937500000000000e+00
9.609375000000000000e-01
1.335937500000000000e+00
2.835937500000000000e+00
2.085937500000000000e+00
5.859375000000000000e-01
3.984375000000000000e-01
1.898437500000000000e+00
2.648437500000000000e+00
1.148437500000000000e+00
7.734375000000000000e-01
2.273437500000000000e+00
1.523437500000000000e+00
2.343750000000000000e-02
3.515625000000000000e-02
1.535156250000000000e+00
2.285156250000000000e+00
7.851562500000000000e-01
1.160156250000000000e+00
2.660156250000000000e+00
1.910156250000000000e+00
4.101562500000000000e-01
5.976562500000000000e-01
2.097656250000000000e+00
2.847656250000000000e+00
1.347656250000000000e+00
9.726562500000000000e-01
2.472656250000000000e+00
1.722656250000000000e+00
2.226562500000000000e-01
3.164062500000000000e-01
1.816406250000000000e+00
2.566406250000000000e+00
1.066406250000000000e+00
1.441406250000000000e+00
2.941406250000000000e+00
2.191406250000000000e+00
6.914062500000000000e-01
5.039062500000000000e-01
2.003906250000000000e+00
2.753906250000000000e+00
1.253906250000000000e+00
8.789062500000000000e-01
2.378906250000000000e+00
1.628906250000000000e+00
1.289062500000000000e-01
1.757812500000000000e-01
1.675781250000000000e+00
2.425781250000000000e+00
9.257812500000000000e-01
1.300781250000000000e+00
2.800781250000000000e+00
2.050781250000000000e+00
5.507812500000000000e-01
7.382812500000000000e-01
2.238281250000000000e+00
2.988281250000000000e+00
1.488281250000000000e+00
1.113281250000000000e+00
2.613281250000000000e+00
1.863281250000000000e+00
3.632812500000000000e-01
2.695312500000000000e-01
1.769531250000000000e+00
2.519531250000000000e+00
1.019531250000000000e+00
1.394531250000000000e+00
2.894531250000000000e+00
2.144531250000000000e+00
6.445312500000000000e-01
4.570312500000000000e-01
1.957031250000000000e+00
2.707031250000000000e+00
1.207031250000000000e+00
8.320312500000000000e-01
2.332031250000000000e+00
1.582031250000000000e+00
8.203125000000000000e-02
5.859375000000000000e-02
1.558593750000000000e+00
2.308593750000000000e+00
8.085937500000000000e-01
1.183593750000000000e+00
2.683593750000000000e+00
1.933593750000000000e+00
4.335937500000000000e-01
6.210937500000000000e-01
2.121093750000000000e+00
2.871093750000000000e+00
1.371093750000000000e+00
9.960937500000000000e-01
2.496093750000000000e+00
1.746093750000000000e+00
2.460937500000000000e-01
3.398437500000000000e-01
1.839843750000000000e+00
2.589843750000000000e+00
1.089843750000000000e+00
1.464843750000000000e+00
2.964843750000000000e+00
2.214843750000000000e+00
7.148437500000000000e-01
5.273437500000000000e-01
2.027343750000000000e+00
2.777343750000000000e+00
1.277343750000000000e+00
9.023437500000000000e-01
2.402343750000000000e+00
1.652343750000000000e+00
1.523437500000000000e-01
1.054687500000000000e-01
1.605468750000000000e+00
2.355468750000000000e+00
8.554687500000000000e-01
1.230468750000000000e+00
2.730468750000000000e+00
1.980468750000000000e+00
4.804687500000000000e-01
6.679687500000000000e-01
2.167968750000000000e+00
2.917968750000000000e+00
1.417968750000000000e+00
1.042968750000000000e+00
2.542968750000000000e+00
1.792968750000000000e+00
2.929687500000000000e-01
1.992187500000000000e-01
1.699218750000000000e+00
2.449218750000000000e+00
9.492187500000000000e-01
1.324218750000000000e+00
2.824218750000000000e+00
2.074218750000000000e+00
5.742187500000000000e-01
3.867187500000000000e-01
1.886718750000000000e+00
2.636718750000000000e+00
1.136718750000000000e+00
7.617187500000000000e-01
2.261718750000000000e+00
1.511718750000000000e+00
1.171875000000000000e-02
1.757812500000000000e-02
1.517578125000000000e+00
2.267578125000000000e+00
7.675781250000000000e-01
1.142578125000000000e+00
2.642578125000000000e+00
1.892578125000000000e+00
3.925781250000000000e-01
5.800781250000000000e-01
2.080078125000000000e+00
2.830078125000000000e+00
1.330078125000000000e+00
9.550781250000000000e-01
2.455078125000000000e+00
1.705078125000000000e+00
2.050781250000000000e-01
2.988281250000000000e-01
1.798828125000000000e+00
2.548828125000000000e+00
1.048828125000000000e+00
1.423828125000000000e+00
2.923828125000000000e+00
2.173828125000000000e+00
6.738281250000000000e-01
4.863281250000000000e-01
1.986328125000000000e+00
2.736328125000000000e+00
1.236328125000000000e+00
8.613281250000000000e-01
2.361328125000000000e+00
1.611328125000000000e+00
1.113281250000000000e-01
1.582031250000000000e-01
1.658203125000000000e+00
2.408203125000000000e+00
9.082031250000000000e-01
1.283203125000000000e+00
2.783203125000000000e+00
2.033203125000000000e+00
5.332031250000000000e-01
7.207031250000000000e-01
2.220703125000000000e+00
2.970703125000000000e+00
1.470703125000000000e+00
1.095703125000000000e+00
2.595703125000000000e+00
1.845703125000000000e+00
3.457031250000000000e-01
2.519531250000000000e-01
1.751953125000000000e+00
2.501953125000000000e+00
1.001953125000000000e+00
1.376953125000000000e+00
2.876953125000000000e+00
2.126953125000000000e+00
6.269531250000000000e-01
4.394531250000000000e-01
1.939453125000000000e+00
2.689453125000000000e+00
1.189453125000000000e+00
8.144531250000000000e-01
2.314453125000000000e+00
1.564453125000000000e+00
6.445312500000000000e-02
8.789062500000000000e-02
1.587890625000000000e+00
2.337890625000000000e+00
8.378906250000000000e-01
1.212890625000000000e+00
2.712890625000000000e+00
1.962890625000000000e+00
4.628906250000000000e-01
6.503906250000000000e-01
2.150390625000000000e+00
2.900390625000000000e+00
1.400390625000000000e+00
1.025390625000000000e+00
2.525390625000000000e+00
1.775390625000000000e+00
2.753906250000000000e-01
3.691406250000000000e-01
1.869140625000000000e+00
2.619140625000000000e+00
1.119140625000000000e+00
1.494140625000000000e+00
2.994140625000000000e+00
2.244140625000000000e+00
7.441406250000000000e-01
5.566406250000000000e-01
2.056640625000000000e+00
2.806640625000000000e+00
1.306640625000000000e+00
9.316406250000000000e-01
2.431640625000000000e+00
1.681640625000000000e+00
1.816406250000000000e-01
1.347656250000000000e-01
1.634765625000000000e+00
2.384765625000000000e+00
8.847656250000000000e-01
1.259765625000000000e+00
2.759765625000000000e+00
2.009765625000000000e+00
5.097656250000000000e-01
6.972656250000000000e-01
2.197265625000000000e+00
2.947265625000000000e+00
1.447265625000000000e+00
1.072265625000000000e+00
2.572265625000000000e+00
1.822265625000000000e+00
3.222656250000000000e-01
2.285156250000000000e-01
1.728515625000000000e+00
2.478515625000000000e+00
9.785156250000000000e-01
1.353515625000000000e+00
2.853515625000000000e+00
2.103515625000000000e+00
6.035156250000000000e-01
4.160156250000000000e-01
1.916015625000000000e+00
2.666015625000000000e+00
1.166015625000000000e+00
7.910156250000000000e-01
2.291015625000000000e+00
1.541015625000000000e+00
4.101562500000000000e-02
2.929687500000000000e-02
1.529296875000000000e+00
2.279296875000000000e+00
7.792968750000000000e-01
1.154296875000000000e+00
2.654296875000000000e+00
1.904296875000000000e+00
4.042968750000000000e-01
5.917968750000000000e-01
2.091796875000000000e+00
2.841796875000000000e+00
1.341796875000000000e+00
9.667968750000000000e-01
2.466796875000000000e+00
1.716796875000000000e+00
2.167968750000000000e-01
3.105468750000000000e-01
1.810546875000000000e+00
2.560546875000000000e+00
1.060546875000000000e+00
1.435546875000000000e+00
2.935546875000000000e+00
2.185546875000000000e+00
6.855468750000000000e-01
4.980468750000000000e-01
1.998046875000000000e+00
2.748046875000000000e+00
1.248046875000000000e+00
8.730468750000000000e-01
2.373046875000000000e+00
1.623046875000000000e+00
1.230468750000000000e-01
1.699218750000000000e-01
1.669921875000000000e+00
2.419921875000000000e+00
9.199218750000000000e-01
1.294921875000000000e+00
2.794921875000000000e+00
2.044921875000000000e+00
5.449218750000000000e-01
7.324218750000000000e-01
2.232421875000000000e+00
2.982421875000000000e+00
1.482421875000000000e+00
1.107421875000000000e+00
2.607421875000000000e+00
1.857421875000000000e+00
3.574218750000000000e-01
2.636718750000000000e-01
1.763671875000000000e+00
2.513671875000000000e+00
1.013671875000000000e+00
1.388671875000000000e+00
2.888671875000000000e+00
2.138671875000000000e+00
6.386718750000000000e-01
4.511718750000000000e-01
1.951171875000000000e+00
2.701171875000000000e+00
1.201171875000000000e+00
8.261718750000000000e-01
2.326171875000000000e+00
1.576171875000000000e+00
7.617187500000000000e-02
5.273437500000000000e-02
1.552734375000000000e+00
2.302734375000000000e+00
8.027343750000000000e-01
1.177734375000000000e+00
2.677734375000000000e+00
1.927734375000000000e+00
4.277343750000000000e-01
6.152343750000000000e-01
2.115234375000000000e+00
2.865234375000000000e+00
1.365234375000000000e+00
9.902343750000000000e-01
2.490234375000000000e+00
1.740234375000000000e+00
2.402343750000000000e-01
3.339843750000000000e-01
1.833984375000000000e+00
2.583984375000000000e+00
1.083984375000000000e+00
1.458984375000000000e+00
2.958984375000000000e+00
2.208984375000000000e+00
7.089843750000000000e-01
5.214843750000000000e-01
2.021484375000000000e+00
2.771484375000000000e+00
1.271484375000000000e+00
8.964843750000000000e-01
2.396484375000000000e+00
1.646484375000000000e+00
1.464843750000000000e-01
9.960937500000000000e-02
1.599609375000000000e+00
2.349609375000000000e+00
8.496093750000000000e-01
1.224609375000000000e+00
2.724609375000000000e+00
1.974609375000000000e+00
4.746093750000000000e-01
6.621093750000000000e-01
2.162109375000000000e+00
2.912109375000000000e+00
1.412109375000000000e+00
1.037109375000000000e+00
2.537109375000000000e+00
1.787109375000000000e+00
2.871093750000000000e-01
1.933593750000000000e-01
1.693359375000000000e+00
2.443359375000000000e+00
9.433593750000000000e-01
1.318359375000000000e+00
2.818359375000000000e+00
2.068359375000000000e+00
5.683593750000000000e-01
3.808593750000000000e-01
1.880859375000000000e+00
2.630859375000000000e+00
1.130859375000000000e+00
7.558593750000000000e-01
2.255859375000000000e+00
1.505859375000000000e+00
5.859375000000000000e-03
8.789062500000000000e-03
1.508789062500000000e+00
2.258789062500000000e+00
7.587890625000000000e-01
1.133789062500000000e+00
2.633789062500000000e+00
1.883789062500000000e+00
3.837890625000000000e-01
5.712890625000000000e-01
2.071289062500000000e+00
2.821289062500000000e+00
1.321289062500000000e+00
9.462890625000000000e-01
2.446289062500000000e+00
1.696289062500000000e+00
1.962890625000000000e-01
2.900390625000000000e-01
1.790039062500000000e+00
2.540039062500000000e+00
1.040039062500000000e+00
1.415039062500000000e+00
2.915039062500000000e+00
2.165039062500000000e+00
6.650390625000000000e-01
4.775390625000000000e-01
1.977539062500000000e+00
2.727539062500000000e+00
1.227539062500000000e+00
8.525390625000000000e-01
2.352539062500000000e+00
1.602539062500000000e+00
1.025390625000000000e-01
1.494140625000000000e-01
1.649414062500000000e+00
2.399414062500000000e+00
8.994140625000000000e-01
1.274414062500000000e+00
2.774414062500000000e+00
2.024414062500000000e+00
5.244140625000000000e-01
7.119140625000000000e-01
2.211914062500000000e+00
2.961914062500000000e+00
1.461914062500000000e+00
1.086914062500000000e+00
2.586914062500000000e+00
1.836914062500000000e+00
3.369140625000000000e-01
2.431640625000000000e-01
1.743164062500000000e+00
2.493164062500000000e+00
9.931640625000000000e-01
1.368164062500000000e+00
2.868164062500000000e+00
2.118164062500000000e+00
6.181640625000000000e-01
4.306640625000000000e-01
1.930664062500000000e+00
2.680664062500000000e+00
1.180664062500000000e+00
8.056640625000000000e-01
2.305664062500000000e+00
1.555664062500000000e+00
5.566406250000000000e-02
7.910156250000000000e-02
1.579101562500000000e+00
2.329101562500000000e+00
8.291015625000000000e-01
1.204101562500000000e+00
2.704101562500000000e+00
1.954101562500000000e+00
4.541015625000000000e-01
6.416015625000000000e-01
2.141601562500000000e+00
2.891601562500000000e+00
1.391601562500000000e+00
1.016601562500000000e+00
2.516601562500000000e+00
1.766601562500000000e+00
2.666015625000000000e-01
3.603515625000000000e-01
1.860351562500000000e+00
2.610351562500000000e+00
1.110351562500000000e+00
1.485351562500000000e+00
2.985351562500000000e+00
2.235351562500000000e+00
7.353515625000000000e-01
5.478515625000000000e-01
2.047851562500000000e+00
2.797851562500000000e+00
1.297851562500000000e+00
9.228515625000000000e-01
2.422851562500000000e+00
1.672851562500000000e+00
1.728515625000000000e-01
1.259765625000000000e-01
1.625976562500000000e+00
2.375976562500000000e+00
8.759765625000000000e-01
1.250976562500000000e+00
2.750976562500000000e+00
2.000976562500000000e+00
5.009765625000000000e-01
6.884765625000000000e-01
2.188476562500000000e+00
2.938476562500000000e+00
1.438476562500000000e+00
1.063476562500000000e+00
2.563476562500000000e+00
1.813476562500000000e+00
3.134765625000000000e-01
2.197265625000000000e-01
1.719726562500000000e+00
2.469726562500000000e+00
9.697265625000000000e-01
1.344726562500000000e+00
2.844726562500000000e+00
2.094726562500000000e+00
5.947265625000000000e-01
4.072265625000000000e-01
1.907226562500000000e+00
2.657226562500000000e+00
1.157226562500000000e+00
7.822265625000000000e-01
2.282226562500000000e+00
1.532226562500000000e+00
3.222656250000000000e-02
4.394531250000000000e-02
1.543945312500000000e+00
2.293945312500000000e+00
7.939453125000000000e-01
1.168945312500000000e+00
2.668945312500000000e+00
1.918945312500000000e+00
4.189453125000000000e-01
6.064453125000000000e-01
2.106445312500000000e+00
2.856445312500000000e+00
1.356445312500000000e+00
9.814453125000000000e-01
2.481445312500000000e+00
1.731445312500000000e+00
2.314453125000000000e-01
3.251953125000000000e-01
1.825195312500000000e+00
2.575195312500000000e+00
1.075195312500000000e+00
1.450195312500000000e+00
2.950195312500000000e+00
2.200195312500000000e+00
7.001953125000000000e-01
5.126953125000000000e-01
2.012695312500000000e+00
2.762695312500000000e+00
1.262695312500000000e+00
8.876953125000000000e-01
2.387695312500000000e+00
1.637695312500000000e+00
1.376953125000000000e-01
1.845703125000000000e-01
1.684570312500000000e+00
2.434570312500000000e+00
9.345703125000000000e-01
1.309570312500000000e+00
2.809570312500000000e+00
2.059570312500000000e+00
5.595703125000000000e-01
7.470703125000000000e-01
2.247070312500000000e+00
2.997070312500000000e+00
1.497070312500000000e+00
1.122070312500000000e+00
2.622070312500000000e+00
1.872070312500000000e+00
3.720703125000000000e-01
2.783203125000000000e-01
1.778320312500000000e+00
2.528320312500000000e+00
1.028320312500000000e+00
1.403320312500000000e+00
2.903320312500000000e+00
2.153320312500000000e+00
6.533203125000000000e-01
4.658203125000000000e-01
1.965820312500000000e+00
2.715820312500000000e+00
1.215820312500000000e+00
8.408203125000000000e-01
2.340820312500000000e+00
1.590820312500000000e+00
9.082031250000000000e-02
6.738281250000000000e-02
1.567382812500000000e+00
2.317382812500000000e+00
8.173828125000000000e-01
1.192382812500000000e+00
2.692382812500000000e+00
1.942382812500000000e+00
4.423828125000000000e-01
6.298828125000000000e-01
2.129882812500000000e+00
2.879882812500000000e+00
1.379882812500000000e+00
1.004882812500000000e+00
2.504882812500000000e+00
1.754882812500000000e+00
2.548828125000000000e-01
3.486328125000000000e-01
1.848632812500000000e+00
2.598632812500000000e+00
1.098632812500000000e+00
1.473632812500000000e+00
2.973632812500000000e+00
2.223632812500000000e+00
7.236328125000000000e-01
5.361328125000000000e-01
2.036132812500000000e+00
2.786132812500000000e+00
1.286132812500000000e+00
9.111328125000000000e-01
2.411132812500000000e+00
1.661132812500000000e+00
1.611328125000000000e-01
1.142578125000000000e-01
1.614257812500000000e+00
2.364257812500000000e+00
8.642578125000000000e-01
1.239257812500000000e+00
2.739257812500000000e+00
1.989257812500000000e+00
4.892578125000000000e-01
6.767578125000000000e-01
2.176757812500000000e+00
2.926757812500000000e+00
1.426757812500000000e+00
1.051757812500000000e+00
2.551757812500000000e+00
1.801757812500000000e+00
3.017578125000000000e-01
2.080078125000000000e-01
1.708007812500000000e+00
2.458007812500000000e+00
9.580078125000000000e-01
1.333007812500000000e+00
2.833007812500000000e+00
2.083007812500000000e+00
5.830078125000000000e-01
3.955078125000000000e-01
1.895507812500000000e+00
2.645507812500000000e+00
1.145507812500000000e+00
7.705078125000000000e-01
2.270507812500000000e+00
1.520507812500000000e+00
2.050781250000000000e-02
1.464843750000000000e-02
1.514648437500000000e+00
2.264648437500000000e+00
7.646484375000000000e-01
1.139648437500000000e+00
2.639648437500000000e+00
1.889648437500000000e+00
3.896484375000000000e-01
5.771484375000000000e-01
2.077148437500000000e+00
2.827148437500000000e+00
1.327148437500000000e+00
9.521484375000000000e-01
2.452148437500000000e+00
1.702148437500000000e+00
2.021484375000000000e-01
2.958984375000000000e-01
1.795898437500000000e+00
2.545898437500000000e+00
1.045898437500000000e+00
1.420898437500000000e+00
2.920898437500000000e+00
2.170898437500000000e+00
6.708984375000000000e-01
4.833984375000000000e-01
1.983398437500000000e+00
2.733398437500000000e+00
1.233398437500000000e+00
8.583984375000000000e-01
2.358398437500000000e+00
1.608398437500000000e+00
1.083984375000000000e-01
1.552734375000000000e-01
1.655273437500000000e+00
2.405273437500000000e+00
9.052734375000000000e-01
1.280273437500000000e+00
2.780273437500000000e+00
2.030273437500000000e+00
5.302734375000000000e-01
7.177734375000000000e-01
2.217773437500000000e+00
2.967773437500000000e+00
1.467773437500000000e+00
1.092773437500000000e+00
2.592773437500000000e+00
1.842773437500000000e+00
3.427734375000000000e-01
2.490234375000000000e-01
1.749023437500000000e+00
2.499023437500000000e+00
9.990234375000000000e-01
1.374023437500000000e+00
2.874023437500000000e+00
2.124023437500000000e+00
6.240234375000000000e-01
4.365234375000000000e-01
1.936523437500000000e+00
2.686523437500000000e+00
1.186523437500000000e+00
8.115234375000000000e-01
2.311523437500000000e+00
1.561523437500000000e+00
6.152343750000000000e-02
8.496093750000000000e-02
1.584960937500000000e+00
2.334960937500000000e+00
8.349609375000000000e-01
1.209960937500000000e+00
2.709960937500000000e+00
1.959960937500000000e+00
4.599609375000000000e-01
6.474609375000000000e-01
2.147460937500000000e+00
2.897460937500000000e+00
1.397460937500000000e+00
1.022460937500000000e+00
2.522460937500000000e+00
1.772460937500000000e+00
2.724609375000000000e-01
3.662109375000000000e-01
1.866210937500000000e+00
2.616210937500000000e+00
1.116210937500000000e+00
1.491210937500000000e+00
2.991210937500000000e+00
2.241210937500000000e+00
7.412109375000000000e-01
5.537109375000000000e-01
2.053710937500000000e+00
2.803710937500000000e+00
1.303710937500000000e+00
9.287109375000000000e-01
2.428710937500000000e+00
1.678710937500000000e+00
1.787109375000000000e-01
1.318359375000000000e-01
1.631835937500000000e+00
2.381835937500000000e+00
8.818359375000000000e-01
1.256835937500000000e+00
2.756835937500000000e+00
2.006835937500000000e+00
5.068359375000000000e-01
6.943359375000000000e-01
2.194335937500000000e+00
2.944335937500000000e+00
1.444335937500000000e+00
1.069335937500000000e+00
2.569335937500000000e+00
1.819335937500000000e+00
3.193359375000000000e-01
2.255859375000000000e-01
1.725585937500000000e+00
2.475585937500000000e+00
9.755859375000000000e-01
1.350585937500000000e+00
2.850585937500000000e+00
2.100585937500000000e+00
6.005859375000000000e-01
4.130859375000000000e-01
1.913085937500000000e+00
2.663085937500000000e+00
1.163085937500000000e+00
7.880859375000000000e-01
2.288085937500000000e+00
1.538085937500000000e+00
3.808593750000000000e-02
2.636718750000000000e-02
1.526367187500000000e+00
2.276367187500000000e+00
7.763671875000000000e-01
1.151367187500000000e+00
2.651367187500000000e+00
1.901367187500000000e+00
4.013671875000000000e-01
5.888671875000000000e-01
2.088867187500000000e+00
2.838867187500000000e+00
1.338867187500000000e+00
9.638671875000000000e-01
2.463867187500000000e+00
1.713867187500000000e+00
2.138671875000000000e-01
3.076171875000000000e-01
1.807617187500000000e+00
2.557617187500000000e+00
1.057617187500000000e+00
1.432617187500000000e+00
2.932617187500000000e+00
2.182617187500000000e+00
6.826171875000000000e-01
4.951171875000000000e-01
1.995117187500000000e+00
2.745117187500000000e+00
1.245117187500000000e+00
8.701171875000000000e-01
2.370117187500000000e+00
1.620117187500000000e+00
1.201171875000000000e-01
1.669921875000000000e-01
1.666992187500000000e+00
2.416992187500000000e+00
9.169921875000000000e-01
1.291992187500000000e+00
2.791992187500000000e+00
2.041992187500000000e+00
5.419921875000000000e-01
7.294921875000000000e-01
2.229492187500000000e+00
2.979492187500000000e+00
1.479492187500000000e+00
1.104492187500000000e+00
2.604492187500000000e+00
1.854492187500000000e+00
3.544921875000000000e-01
2.607421875000000000e-01
1.760742187500000000e+00
2.510742187500000000e+00
1.010742187500000000e+00
1.385742187500000000e+00
2.885742187500000000e+00
2.135742187500000000e+00
6.357421875000000000e-01
4.482421875000000000e-01
1.948242187500000000e+00
2.698242187500000000e+00
1.198242187500000000e+00
8.232421875000000000e-01
2.323242187500000000e+00
1.573242187500000000e+00
7.324218750000000000e-02
4.980468750000000000e-02
1.549804687500000000e+00
2.299804687500000000e+00
7.998046875000000000e-01
1.174804687500000000e+00
2.674804687500000000e+00
1.924804687500000000e+00
4.248046875000000000e-01
6.123046875000000000e-01
2.112304687500000000e+00
2.862304687500000000e+00
1.362304687500000000e+00
9.873046875000000000e-01
2.487304687500000000e+00
1.737304687500000000e+00
2.373046875000000000e-01
3.310546875000000000e-01
1.831054687500000000e+00
2.581054687500000000e+00
1.081054687500000000e+00
1.456054687500000000e+00
2.956054687500000000e+00
2.206054687500000000e+00
7.060546875000000000e-01
5.185546875000000000e-01
2.018554687500000000e+00
2.768554687500000000e+00
1.268554687500000000e+00
8.935546875000000000e-01
2.393554687500000000e+00
1.643554687500000000e+00
1.435546875000000000e-01
9.667968750000000000e-02
1.596679687500000000e+00
2.346679687500000000e+00
8.466796875000000000e-01
1.221679687500000000e+00
2.721679687500000000e+00
1.971679687500000000e+00
4.716796875000000000e-01
6.591796875000000000e-01
2.159179687500000000e+00
2.909179687500000000e+00
1.409179687500000000e+00
1.034179687500000000e+00
2.534179687500000000e+00
1.784179687500000000e+00
2.841796875000000000e-01
1.904296875000000000e-01
1.690429687500000000e+00
2.440429687500000000e+00
9.404296875000000000e-01
1.315429687500000000e+00
2.815429687500000000e+00
2.065429687500000000e+00
5.654296875000000000e-01
3.779296875000000000e-01
1.877929687500000000e+00
2.627929687500000000e+00
1.127929687500000000e+00
7.529296875000000000e-01
2.252929687500000000e+00
1.502929687500000000e+00
2.929687500000000000e-03
4.394531250000000000e-03
1.504394531250000000e+00
2.254394531250000000e+00
7.543945312500000000e-01
1.129394531250000000e+00
2.629394531250000000e+00
1.879394531250000000e+00
3.793945312500000000e-01
5.668945312500000000e-01
2.066894531250000000e+00
2.816894531250000000e+00
1.316894531250000000e+00
9.418945312500000000e-01
2.441894531250000000e+00
1.691894531250000000e+00
1.918945312500000000e-01
2.856445312500000000e-01
1.785644531250000000e+00
2.535644531250000000e+00
1.035644531250000000e+00
1.410644531250000000e+00
2.910644531250000000e+00
2.160644531250000000e+00
6.606445312500000000e-01
4.731445312500000000e-01
1.973144531250000000e+00
2.723144531250000000e+00
1.223144531250000000e+00
8.481445312500000000e-01
2.348144531250000000e+00
1.598144531250000000e+00
9.814453125000000000e-02
1.450195312500000000e-01
1.645019531250000000e+00
2.395019531250000000e+00
8.950195312500000000e-01
1.270019531250000000e+00
2.770019531250000000e+00
2.020019531250000000e+00
5.200195312500000000e-01
7.075195312500000000e-01
2.207519531250000000e+00
2.957519531250000000e+00
1.457519531250000000e+00
1.082519531250000000e+00
2.582519531250000000e+00
1.832519531250000000e+00
3.325195312500000000e-01
2.387695312500000000e-01
1.738769531250000000e+00
2.488769531250000000e+00
9.887695312500000000e-01
1.363769531250000000e+00
2.863769531250000000e+00
2.113769531250000000e+00
6.137695312500000000e-01
4.262695312500000000e-01
1.926269531250000000e+00
2.676269531250000000e+00
1.176269531250000000e+00
8.012695312500000000e-01
2.301269531250000000e+00
1.551269531250000000e+00
5.126953125000000000e-02
7.470703125000000000e-02
1.574707031250000000e+00
2.324707031250000000e+00
8.247070312500000000e-01
1.199707031250000000e+00
2.699707031250000000e+00
1.949707031250000000e+00
4.497070312500000000e-01
6.372070312500000000e-01
2.137207031250000000e+00
2.887207031250000000e+00
1.387207031250000000e+00
1.012207031250000000e+00
2.512207031250000000e+00
1.762207031250000000e+00
2.622070312500000000e-01
3.559570312500000000e-01
1.855957031250000000e+00
2.605957031250000000e+00
1.105957031250000000e+00
1.480957031250000000e+00
2.980957031250000000e+00
2.230957031250000000e+00
7.309570312500000000e-01
5.434570312500000000e-01
2.043457031250000000e+00
2.793457031250000000e+00
1.293457031250000000e+00
9.184570312500000000e-01
2.418457031250000000e+00
1.668457031250000000e+00
1.684570312500000000e-01
1.215820312500000000e-01
1.621582031250000000e+00
2.371582031250000000e+00
8.715820312500000000e-01
1.246582031250000000e+00
2.746582031250000000e+00
1.996582031250000000e+00
4.965820312500000000e-01
6.840820312500000000e-01
2.184082031250000000e+00
2.934082031250000000e+00
1.434082031250000000e+00
1.059082031250000000e+00
2.559082031250000000e+00
1.809082031250000000e+00
3.090820312500000000e-01
2.153320312500000000e-01
1.715332031250000000e+00
2.465332031250000000e+00
9.653320312500000000e-01
1.340332031250000000e+00
2.840332031250000000e+00
2.090332031250000000e+00
5.903320312500000000e-01
4.028320312500000000e-01
1.902832031250000000e+00
2.652832031250000000e+00
1.152832031250000000e+00
7.778320312500000000e-01
2.277832031250000000e+00
1.527832031250000000e+00
2.783203125000000000e-02
3.955078125000000000e-02
1.539550781250000000e+00
2.289550781250000000e+00
7.895507812500000000e-01
1.164550781250000000e+00
2.664550781250000000e+00
1.914550781250000000e+00
4.145507812500000000e-01
6.020507812500000000e-01
2.102050781250000000e+00
2.852050781250000000e+00
1.352050781250000000e+00
9.770507812500000000e-01
2.477050781250000000e+00
1.727050781250000000e+00
2.270507812500000000e-01
3.208007812500000000e-01
1.820800781250000000e+00
2.570800781250000000e+00
1.070800781250000000e+00
1.445800781250000000e+00
2.945800781250000000e+00
2.195800781250000000e+00
6.958007812500000000e-01
5.083007812500000000e-01
2.008300781250000000e+00
2.758300781250000000e+00
1.258300781250000000e+00
8.833007812500000000e-01
2.383300781250000000e+00
1.633300781250000000e+00
1.333007812500000000e-01
1.801757812500000000e-01
1.680175781250000000e+00
2.430175781250000000e+00
9.301757812500000000e-01
1.305175781250000000e+00
2.805175781250000000e+00
2.055175781250000000e+00
5.551757812500000000e-01
7.426757812500000000e-01
2.242675781250000000e+00
2.992675781250000000e+00
1.492675781250000000e+00
1.117675781250000000e+00
2.617675781250000000e+00
1.867675781250000000e+00
3.676757812500000000e-01
2.739257812500000000e-01
1.773925781250000000e+00
2.523925781250000000e+00
1.023925781250000000e+00
1.398925781250000000e+00
2.898925781250000000e+00
2.148925781250000000e+00
6.489257812500000000e-01
4.614257812500000000e-01
1.961425781250000000e+00
2.711425781250000000e+00
1.211425781250000000e+00
8.364257812500000000e-01
2.336425781250000000e+00
1.586425781250000000e+00
8.642578125000000000e-02
6.298828125000000000e-02
1.562988281250000000e+00
2.312988281250000000e+00
8.129882812500000000e-01
1.187988281250000000e+00
2.687988281250000000e+00
1.937988281250000000e+00
4.379882812500000000e-01
6.254882812500000000e-01
2.125488281250000000e+00
2.875488281250000000e+00
1.375488281250000000e+00
1.000488281250000000e+00
2.500488281250000000e+00
1.750488281250000000e+00
2.504882812500000000e-01
3.442382812500000000e-01
1.844238281250000000e+00
2.594238281250000000e+00
1.094238281250000000e+00
1.469238281250000000e+00
2.969238281250000000e+00
2.219238281250000000e+00
7.192382812500000000e-01
5.317382812500000000e-01
2.031738281250000000e+00
2.781738281250000000e+00
1.281738281250000000e+00
9.067382812500000000e-01
2.406738281250000000e+00
1.656738281250000000e+00
1.567382812500000000e-01
1.098632812500000000e-01
1.609863281250000000e+00
2.359863281250000000e+00
8.598632812500000000e-01
1.234863281250000000e+00
2.734863281250000000e+00
1.984863281250000000e+00
4.848632812500000000e-01
6.723632812500000000e-01
2.172363281250000000e+00
2.922363281250000000e+00
1.422363281250000000e+00
1.047363281250000000e+00
2.547363281250000000e+00
1.797363281250000000e+00
2.973632812500000000e-01
2.036132812500000000e-01
1.703613281250000000e+00
2.453613281250000000e+00
9.536132812500000000e-01
1.328613281250000000e+00
2.828613281250000000e+00
2.078613281250000000e+00
5.786132812500000000e-01
3.911132812500000000e-01
1.891113281250000000e+00
2.641113281250000000e+00
1.141113281250000000e+00
7.661132812500000000e-01
2.266113281250000000e+00
1.516113281250000000e+00
1.611328125000000000e-02
2.197265625000000000e-02
1.521972656250000000e+00
2.271972656250000000e+00
7.719726562500000000e-01
1.146972656250000000e+00
2.646972656250000000e+00
1.896972656250000000e+00
3.969726562500000000e-01
5.844726562500000000e-01
2.084472656250000000e+00
2.834472656250000000e+00
1.334472656250000000e+00
9.594726562500000000e-01
2.459472656250000000e+00
1.709472656250000000e+00
2.094726562500000000e-01
3.032226562500000000e-01
1.803222656250000000e+00
2.553222656250000000e+00
1.053222656250000000e+00
1.428222656250000000e+00
2.928222656250000000e+00
2.178222656250000000e+00
6.782226562500000000e-01
4.907226562500000000e-01
1.990722656250000000e+00
2.740722656250000000e+00
1.240722656250000000e+00
8.657226562500000000e-01
2.365722656250000000e+00
1.615722656250000000e+00
1.157226562500000000e-01
1.625976562500000000e-01
1.662597656250000000e+00
2.412597656250000000e+00
9.125976562500000000e-01
1.287597656250000000e+00
2.787597656250000000e+00
2.037597656250000000e+00
5.375976562500000000e-01
7.250976562500000000e-01
2.225097656250000000e+00
2.975097656250000000e+00
1.475097656250000000e+00
1.100097656250000000e+00
2.600097656250000000e+00
1.850097656250000000e+00
3.500976562500000000e-01
2.563476562500000000e-01
1.756347656250000000e+00
2.506347656250000000e+00
1.006347656250000000e+00
1.381347656250000000e+00
2.881347656250000000e+00
2.131347656250000000e+00
6.313476562500000000e-01
4.438476562500000000e-01
1.943847656250000000e+00
2.693847656250000000e+00
1.193847656250000000e+00
8.188476562500000000e-01
2.318847656250000000e+00
1.568847656250000000e+00
6.884765625000000000e-02
9.228515625000000000e-02
1.592285156250000000e+00
2.342285156250000000e+00
8.422851562500000000e-01
1.217285156250000000e+00
2.717285156250000000e+00
1.967285156250000000e+00
4.672851562500000000e-01
6.547851562500000000e-01
2.154785156250000000e+00
2.904785156250000000e+00
1.404785156250000000e+00
1.029785156250000000e+00
2.529785156250000000e+00
1.779785156250000000e+00
2.797851562500000000e-01
3.735351562500000000e-01
1.873535156250000000e+00
2.623535156250000000e+00
1.123535156250000000e+00
1.498535156250000000e+00
2.998535156250000000e+00
2.248535156250000000e+00
7.485351562500000000e-01
5.610351562500000000e-01
2.061035156250000000e+00
2.811035156250000000e+00
1.311035156250000000e+00
9.360351562500000000e-01
2.436035156250000000e+00
1.686035156250000000e+00
1.860351562500000000e-01
1.391601562500000000e-01
1.639160156250000000e+00
2.389160156250000000e+00
8.891601562500000000e-01
1.264160156250000000e+00
2.764160156250000000e+00
2.014160156250000000e+00
5.141601562500000000e-01
7.016601562500000000e-01
2.201660156250000000e+00
2.951660156250000000e+00
1.451660156250000000e+00
1.076660156250000000e+00
2.576660156250000000e+00
1.826660156250000000e+00
3.266601562500000000e-01
2.329101562500000000e-01
1.732910156250000000e+00
2.482910156250000000e+00
9.829101562500000000e-01
1.357910156250000000e+00
2.857910156250000000e+00
2.107910156250000000e+00
6.079101562500000000e-01
4.204101562500000000e-01
1.920410156250000000e+00
2.670410156250000000e+00
1.170410156250000000e+00
7.954101562500000000e-01
2.295410156250000000e+00
1.545410156250000000e+00
4.541015625000000000e-02
3.369140625000000000e-02
1.533691406250000000e+00
2.283691406250000000e+00
7.836914062500000000e-01
1.158691406250000000e+00
2.658691406250000000e+00
1.908691406250000000e+00
4.086914062500000000e-01
5.961914062500000000e-01
2.096191406250000000e+00
2.846191406250000000e+00
1.346191406250000000e+00
9.711914062500000000e-01
2.471191406250000000e+00
1.721191406250000000e+00
2.211914062500000000e-01
3.149414062500000000e-01
1.814941406250000000e+00
2.564941406250000000e+00
1.064941406250000000e+00
1.439941406250000000e+00
2.939941406250000000e+00
2.189941406250000000e+00
6.899414062500000000e-01
5.024414062500000000e-01
2.002441406250000000e+00
2.752441406250000000e+00
1.252441406250000000e+00
8.774414062500000000e-01
2.377441406250000000e+00
1.627441406250000000e+00
1.274414062500000000e-01
1.743164062500000000e-01
1.674316406250000000e+00
2.424316406250000000e+00
9.243164062500000000e-01
1.299316406250000000e+00
2.799316406250000000e+00
2.049316406250000000e+00
5.493164062500000000e-01
7.368164062500000000e-01
2.236816406250000000e+00
2.986816406250000000e+00
1.486816406250000000e+00
1.111816406250000000e+00
2.611816406250000000e+00
1.861816406250000000e+00
3.618164062500000000e-01
2.680664062500000000e-01
1.768066406250000000e+00
2.518066406250000000e+00
1.018066406250000000e+00
1.393066406250000000e+00
2.893066406250000000e+00
2.143066406250000000e+00
6.430664062500000000e-01
4.555664062500000000e-01
1.955566406250000000e+00
2.705566406250000000e+00
1.205566406250000000e+00
8.305664062500000000e-01
2.330566406250000000e+00
1.580566406250000000e+00
8.056640625000000000e-02
5.712890625000000000e-02
1.557128906250000000e+00
2.307128906250000000e+00
8.071289062500000000e-01
1.182128906250000000e+00
2.682128906250000000e+00
1.932128906250000000e+00
4.321289062500000000e-01
6.196289062500000000e-01
2.119628906250000000e+00
2.869628906250000000e+00
1.369628906250000000e+00
9.946289062500000000e-01
2.494628906250000000e+00
1.744628906250000000e+00
2.446289062500000000e-01
3.383789062500000000e-01
1.838378906250000000e+00
2.588378906250000000e+00
1.088378906250000000e+00
1.463378906250000000e+00
2.963378906250000000e+00
2.213378906250000000e+00
7.133789062500000000e-01
5.258789062500000000e-01
2.025878906250000000e+00
2.775878906250000000e+00
1.275878906250000000e+00
9.008789062500000000e-01
2.400878906250000000e+00
1.650878906250000000e+00
1.508789062500000000e-01
1.040039062500000000e-01
1.604003906250000000e+00
2.354003906250000000e+00
8.540039062500000000e-01
1.229003906250000000e+00
2.729003906250000000e+00
1.979003906250000000e+00
4.790039062500000000e-01
6.665039062500000000e-01
2.166503906250000000e+00
2.916503906250000000e+00
1.416503906250000000e+00
1.041503906250000000e+00
2.541503906250000000e+00
1.791503906250000000e+00
2.915039062500000000e-01
1.977539062500000000e-01
1.697753906250000000e+00
2.447753906250000000e+00
9.477539062500000000e-01
1.322753906250000000e+00
2.822753906250000000e+00
2.072753906250000000e+00
5.727539062500000000e-01
3.852539062500000000e-01
1.885253906250000000e+00
2.635253906250000000e+00
1.135253906250000000e+00
7.602539062500000000e-01
2.260253906250000000e+00
1.510253906250000000e+00
1.025390625000000000e-02
7.324218750000000000e-03
1.507324218750000000e+00
2.257324218750000000e+00
7.573242187500000000e-01
1.132324218750000000e+00
2.632324218750000000e+00
1.882324218750000000e+00
3.823242187500000000e-01
5.698242187500000000e-01
2.069824218750000000e+00
2.819824218750000000e+00
1.319824218750000000e+00
9.448242187500000000e-01
2.444824218750000000e+00
1.694824218750000000e+00
1.948242187500000000e-01
2.885742187500000000e-01
1.788574218750000000e+00
2.538574218750000000e+00
1.038574218750000000e+00
1.413574218750000000e+00
2.913574218750000000e+00
2.163574218750000000e+00
6.635742187500000000e-01
4.760742187500000000e-01
1.976074218750000000e+00
2.726074218750000000e+00
1.226074218750000000e+00
8.510742187500000000e-01
2.351074218750000000e+00
1.601074218750000000e+00
1.010742187500000000e-01
1.479492187500000000e-01
1.647949218750000000e+00
2.397949218750000000e+00
8.979492187500000000e-01
1.272949218750000000e+00
2.772949218750000000e+00
2.022949218750000000e+00
5.229492187500000000e-01
7.104492187500000000e-01
2.210449218750000000e+00
2.960449218750000000e+00
1.460449218750000000e+00
1.085449218750000000e+00
2.585449218750000000e+00
1.835449218750000000e+00
3.354492187500000000e-01
2.416992187500000000e-01
1.741699218750000000e+00
2.491699218750000000e+00
9.916992187500000000e-01
1.366699218750000000e+00
2.866699218750000000e+00
2.116699218750000000e+00
6.166992187500000000e-01
4.291992187500000000e-01
1.929199218750000000e+00
2.679199218750000000e+00
1.179199218750000000e+00
8.041992187500000000e-01
2.304199218750000000e+00
1.554199218750000000e+00
5.419921875000000000e-02
7.763671875000000000e-02
1.577636718750000000e+00
2.327636718750000000e+00
8.276367187500000000e-01
1.202636718750000000e+00
2.702636718750000000e+00
1.952636718750000000e+00
4.526367187500000000e-01
6.401367187500000000e-01
2.140136718750000000e+00
2.890136718750000000e+00
1.390136718750000000e+00
1.015136718750000000e+00
2.515136718750000000e+00
1.765136718750000000e+00
2.651367187500000000e-01
3.588867187500000000e-01
1.858886718750000000e+00
2.608886718750000000e+00
1.108886718750000000e+00
1.483886718750000000e+00
2.983886718750000000e+00
2.233886718750000000e+00
7.338867187500000000e-01
5.463867187500000000e-01
2.046386718750000000e+00
2.796386718750000000e+00
1.296386718750000000e+00
9.213867187500000000e-01
2.421386718750000000e+00
1.671386718750000000e+00
1.713867187500000000e-01
1.245117187500000000e-01
1.624511718750000000e+00
2.374511718750000000e+00
8.745117187500000000e-01
1.249511718750000000e+00
2.749511718750000000e+00
1.999511718750000000e+00
4.995117187500000000e-01
6.870117187500000000e-01
2.187011718750000000e+00
2.937011718750000000e+00
1.437011718750000000e+00
1.062011718750000000e+00
2.562011718750000000e+00
1.812011718750000000e+00
3.120117187500000000e-01
2.182617187500000000e-01
1.718261718750000000e+00
2.468261718750000000e+00
9.682617187500000000e-01
1.343261718750000000e+00
2.843261718750000000e+00
2.093261718750000000e+00
5.932617187500000000e-01
4.057617187500000000e-01
1.905761718750000000e+00
2.655761718750000000e+00
1.155761718750000000e+00
7.807617187500000000e-01
2.280761718750000000e+00
1.530761718750000000e+00
3.076171875000000000e-02
4.248046875000000000e-02
1.542480468750000000e+00
2.292480468750000000e+00
7.924804687500000000e-01
1.167480468750000000e+00
2.667480468750000000e+00
1.917480468750000000e+00
4.174804687500000000e-01
6.049804687500000000e-01
2.104980468750000000e+00
2.854980468750000000e+00
1.354980468750000000e+00
9.799804687500000000e-01
2.479980468750000000e+00
1.729980468750000000e+00
2.299804687500000000e-01
3.237304687500000000e-01
1.823730468750000000e+00
2.573730468750000000e+00
1.073730468750000000e+00
1.448730468750000000e+00
2.948730468750000000e+00
2.198730468750000000e+00
6.987304687500000000e-01
5.112304687500000000e-01
2.011230468750000000e+00
2.761230468750000000e+00
1.261230468750000000e+00
8.862304687500000000e-01
2.386230468750000000e+00
1.636230468750000000e+00
1.362304687500000000e-01
1.831054687500000000e-01
1.683105468750000000e+00
2.433105468750000000e+00
9.331054687500000000e-01
1.308105468750000000e+00
2.808105468750000000e+00
2.058105468750000000e+00
5.581054687500000000e-01
7.456054687500000000e-01
2.245605468750000000e+00
2.995605468750000000e+00
1.495605468750000000e+00
1.120605468750000000e+00
2.620605468750000000e+00
1.870605468750000000e+00
3.706054687500000000e-01
2.768554687500000000e-01
1.776855468750000000e+00
2.526855468750000000e+00
1.026855468750000000e+00
1.401855468750000000e+00
2.901855468750000000e+00
2.151855468750000000e+00
6.518554687500000000e-01
4.643554687500000000e-01
1.964355468750000000e+00
2.714355468750000000e+00
1.214355468750000000e+00
8.393554687500000000e-01
2.339355468750000000e+00
1.589355468750000000e+00
8.935546875000000000e-02
6.591796875000000000e-02
1.565917968750000000e+00
2.315917968750000000e+00
8.159179687500000000e-01
1.190917968750000000e+00
2.690917968750000000e+00
1.940917968750000000e+00
4.409179687500000000e-01
6.284179687500000000e-01
2.128417968750000000e+00
2.878417968750000000e+00
1.378417968750000000e+00
1.003417968750000000e+00
2.503417968750000000e+00
1.753417968750000000e+00
2.534179687500000000e-01
3.471679687500000000e-01
1.847167968750000000e+00
2.597167968750000000e+00
1.097167968750000000e+00
1.472167968750000000e+00
2.972167968750000000e+00
2.222167968750000000e+00
7.221679687500000000e-01
5.346679687500000000e-01
2.034667968750000000e+00
2.784667968750000000e+00
1.284667968750000000e+00
9.096679687500000000e-01
2.409667968750000000e+00
1.659667968750000000e+00
1.596679687500000000e-01
1.127929687500000000e-01
1.612792968750000000e+00
2.362792968750000000e+00
8.627929687500000000e-01
1.237792968750000000e+00
2.737792968750000000e+00
1.987792968750000000e+00
4.877929687500000000e-01
6.752929687500000000e-01
2.175292968750000000e+00
2.925292968750000000e+00
1.425292968750000000e+00
1.050292968750000000e+00
2.550292968750000000e+00
1.800292968750000000e+00
3.002929687500000000e-01
2.065429687500000000e-01
1.706542968750000000e+00
2.456542968750000000e+00
9.565429687500000000e-01
1.331542968750000000e+00
2.831542968750000000e+00
2.081542968750000000e+00
5.815429687500000000e-01
3.940429687500000000e-01
1.894042968750000000e+00
2.644042968750000000e+00
1.144042968750000000e+00
7.690429687500000000e-01
2.269042968750000000e+00
1.519042968750000000e+00
1.904296875000000000e-02
1.318359375000000000e-02
1.513183593750000000e+00
2.263183593750000000e+00
7.631835937500000000e-01
1.138183593750000000e+00
2.638183593750000000e+00
1.888183593750000000e+00
3.881835937500000000e-01
5.756835937500000000e-01
2.075683593750000000e+00
2.825683593750000000e+00
1.325683593750000000e+00
9.506835937500000000e-01
2.450683593750000000e+00
1.700683593750000000e+00
2.006835937500000000e-01
2.944335937500000000e-01
1.794433593750000000e+00
2.544433593750000000e+00
1.044433593750000000e+00
1.419433593750000000e+00
2.919433593750000000e+00
2.169433593750000000e+00
6.694335937500000000e-01
4.819335937500000000e-01
1.981933593750000000e+00
2.731933593750000000e+00
1.231933593750000000e+00
8.569335937500000000e-01
2.356933593750000000e+00
1.606933593750000000e+00
1.069335937500000000e-01
1.538085937500000000e-01
1.653808593750000000e+00
2.403808593750000000e+00
9.038085937500000000e-01
1.278808593750000000e+00
2.778808593750000000e+00
2.028808593750000000e+00
5.288085937500000000e-01
7.163085937500000000e-01
2.216308593750000000e+00
2.966308593750000000e+00
1.466308593750000000e+00
1.091308593750000000e+00
2.591308593750000000e+00
1.841308593750000000e+00
3.413085937500000000e-01
2.475585937500000000e-01
1.747558593750000000e+00
2.497558593750000000e+00
9.975585937500000000e-01
1.372558593750000000e+00
2.872558593750000000e+00
2.122558593750000000e+00
6.225585937500000000e-01
4.350585937500000000e-01
1.935058593750000000e+00
2.685058593750000000e+00
1.185058593750000000e+00
8.100585937500000000e-01
2.310058593750000000e+00
1.560058593750000000e+00
6.005859375000000000e-02
8.349609375000000000e-02
1.583496093750000000e+00
2.333496093750000000e+00
8.334960937500000000e-01
1.208496093750000000e+00
2.708496093750000000e+00
1.958496093750000000e+00
4.584960937500000000e-01
6.459960937500000000e-01
2.145996093750000000e+00
2.895996093750000000e+00
1.395996093750000000e+00
1.020996093750000000e+00
2.520996093750000000e+00
1.770996093750000000e+00
2.709960937500000000e-01
3.647460937500000000e-01
1.864746093750000000e+00
2.614746093750000000e+00
1.114746093750000000e+00
1.489746093750000000e+00
2.989746093750000000e+00
2.239746093750000000e+00
7.397460937500000000e-01
5.522460937500000000e-01
2.052246093750000000e+00
2.802246093750000000e+00
1.302246093750000000e+00
9.272460937500000000e-01
2.427246093750000000e+00
1.677246093750000000e+00
1.772460937500000000e-01
1.303710937500000000e-01
1.630371093750000000e+00
2.380371093750000000e+00
8.803710937500000000e-01
1.255371093750000000e+00
2.755371093750000000e+00
2.005371093750000000e+00
5.053710937500000000e-01
6.928710937500000000e-01
2.192871093750000000e+00
2.942871093750000000e+00
1.442871093750000000e+00
1.067871093750000000e+00
2.567871093750000000e+00
1.817871093750000000e+00
3.178710937500000000e-01
2.241210937500000000e-01
1.724121093750000000e+00
2.474121093750000000e+00
9.741210937500000000e-01
1.349121093750000000e+00
2.849121093750000000e+00
2.099121093750000000e+00
5.991210937500000000e-01
4.116210937500000000e-01
1.911621093750000000e+00
2.661621093750000000e+00
1.161621093750000000e+00
7.866210937500000000e-01
2.286621093750000000e+00
1.536621093750000000e+00
3.662109375000000000e-02
2.490234375000000000e-02
1.524902343750000000e+00
2.274902343750000000e+00
7.749023437500000000e-01
1.149902343750000000e+00
2.649902343750000000e+00
1.899902343750000000e+00
3.999023437500000000e-01
5.874023437500000000e-01
2.087402343750000000e+00
2.837402343750000000e+00
1.337402343750000000e+00
9.624023437500000000e-01
2.462402343750000000e+00
1.712402343750000000e+00
2.124023437500000000e-01
3.061523437500000000e-01
1.806152343750000000e+00
2.556152343750000000e+00
1.056152343750000000e+00
1.431152343750000000e+00
2.931152343750000000e+00
2.181152343750000000e+00
6.811523437500000000e-01
4.936523437500000000e-01
1.993652343750000000e+00
2.743652343750000000e+00
1.243652343750000000e+00
8.686523437500000000e-01
2.368652343750000000e+00
1.618652343750000000e+00
1.186523437500000000e-01
1.655273437500000000e-01
1.665527343750000000e+00
2.415527343750000000e+00
9.155273437500000000e-01
1.290527343750000000e+00
2.790527343750000000e+00
2.040527343750000000e+00
5.405273437500000000e-01
7.280273437500000000e-01
2.228027343750000000e+00
2.978027343750000000e+00
1.478027343750000000e+00
1.103027343750000000e+00
2.603027343750000000e+00
1.853027343750000000e+00
3.530273437500000000e-01
2.592773437500000000e-01
1.759277343750000000e+00
2.509277343750000000e+00
1.009277343750000000e+00
1.384277343750000000e+00
2.884277343750000000e+00
2.134277343750000000e+00
6.342773437500000000e-01
4.467773437500000000e-01
1.946777343750000000e+00
2.696777343750000000e+00
1.196777343750000000e+00
8.217773437500000000e-01
2.321777343750000000e+00
1.571777343750000000e+00
7.177734375000000000e-02
4.833984375000000000e-02
1.548339843750000000e+00
2.298339843750000000e+00
7.983398437500000000e-01
1.173339843750000000e+00
2.673339843750000000e+00
1.923339843750000000e+00
4.233398437500000000e-01
6.108398437500000000e-01
2.110839843750000000e+00
2.860839843750000000e+00
1.360839843750000000e+00
9.858398437500000000e-01
2.485839843750000000e+00
1.735839843750000000e+00
2.358398437500000000e-01
3.295898437500000000e-01
1.829589843750000000e+00
2.579589843750000000e+00
1.079589843750000000e+00
1.454589843750000000e+00
2.954589843750000000e+00
2.204589843750000000e+00
7.045898437500000000e-01
5.170898437500000000e-01
2.017089843750000000e+00
2.767089843750000000e+00
1.267089843750000000e+00
8.920898437500000000e-01
2.392089843750000000e+00
1.642089843750000000e+00
1.420898437500000000e-01
9.521484375000000000e-02
1.595214843750000000e+00
2.345214843750000000e+00
8.452148437500000000e-01
1.220214843750000000e+00
2.720214843750000000e+00
1.970214843750000000e+00
4.702148437500000000e-01
6.577148437500000000e-01
2.157714843750000000e+00
2.907714843750000000e+00
1.407714843750000000e+00
1.032714843750000000e+00
2.532714843750000000e+00
1.782714843750000000e+00
2.827148437500000000e-01
1.889648437500000000e-01
1.688964843750000000e+00
2.438964843750000000e+00
9.389648437500000000e-01
1.313964843750000000e+00
2.813964843750000000e+00
2.063964843750000000e+00
5.639648437500000000e-01
3.764648437500000000e-01
1.876464843750000000e+00
2.626464843750000000e+00
1.126464843750000000e+00
7.514648437500000000e-01
2.251464843750000000e+00
1.501464843750000000e+00
1.464843750000000000e-03
2.197265625000000000e-03
1.502197265625000000e+00
2.252197265625000000e+00
7.521972656250000000e-01
1.127197265625000000e+00
2.627197265625000000e+00
1.877197265625000000e+00
3.771972656250000000e-01
5.646972656250000000e-01
2.064697265625000000e+00
2.814697265625000000e+00
1.314697265625000000e+00
9.396972656250000000e-01
2.439697265625000000e+00
1.689697265625000000e+00
1.896972656250000000e-01
2.834472656250000000e-01
1.783447265625000000e+00
2.533447265625000000e+00
1.033447265625000000e+00
1.408447265625000000e+00
2.908447265625000000e+00
2.158447265625000000e+00
6.584472656250000000e-01
4.709472656250000000e-01
1.970947265625000000e+00
2.720947265625000000e+00
1.220947265625000000e+00
8.459472656250000000e-01
2.345947265625000000e+00
1.595947265625000000e+00
9.594726562500000000e-02
1.428222656250000000e-01
1.642822265625000000e+00
2.392822265625000000e+00
8.928222656250000000e-01
1.267822265625000000e+00
2.767822265625000000e+00
2.017822265625000000e+00
5.178222656250000000e-01
7.053222656250000000e-01
2.205322265625000000e+00
2.955322265625000000e+00
1.455322265625000000e+00
1.080322265625000000e+00
2.580322265625000000e+00
1.830322265625000000e+00
3.303222656250000000e-01
2.365722656250000000e-01
1.736572265625000000e+00
2.486572265625000000e+00
9.865722656250000000e-01
1.361572265625000000e+00
2.861572265625000000e+00
2.111572265625000000e+00
6.115722656250000000e-01
4.240722656250000000e-01
1.924072265625000000e+00
2.674072265625000000e+00
1.174072265625000000e+00
7.990722656250000000e-01
2.299072265625000000e+00
1.549072265625000000e+00
4.907226562500000000e-02
7.250976562500000000e-02
1.572509765625000000e+00
2.322509765625000000e+00
8.225097656250000000e-01
1.197509765625000000e+00
2.697509765625000000e+00
1.947509765625000000e+00
4.475097656250000000e-01
6.350097656250000000e-01
2.135009765625000000e+00
2.885009765625000000e+00
1.385009765625000000e+00
1.010009765625000000e+00
2.510009765625000000e+00
1.760009765625000000e+00
2.600097656250000000e-01
3.537597656250000000e-01
1.853759765625000000e+00
2.603759765625000000e+00
1.103759765625000000e+00
1.478759765625000000e+00
2.978759765625000000e+00
2.228759765625000000e+00
7.287597656250000000e-01
5.412597656250000000e-01
2.041259765625000000e+00
2.791259765625000000e+00
1.291259765625000000e+00
9.162597656250000000e-01
2.416259765625000000e+00
1.666259765625000000e+00
1.662597656250000000e-01
1.193847656250000000e-01
1.619384765625000000e+00
2.369384765625000000e+00
8.693847656250000000e-01
1.244384765625000000e+00
2.744384765625000000e+00
1.994384765625000000e+00
4.943847656250000000e-01
6.818847656250000000e-01
2.181884765625000000e+00
2.931884765625000000e+00
1.431884765625000000e+00
1.056884765625000000e+00
2.556884765625000000e+00
1.806884765625000000e+00
3.068847656250000000e-01
2.131347656250000000e-01
1.713134765625000000e+00
2.463134765625000000e+00
9.631347656250000000e-01
1.338134765625000000e+00
2.838134765625000000e+00
2.088134765625000000e+00
5.881347656250000000e-01
4.006347656250000000e-01
1.900634765625000000e+00
2.650634765625000000e+00
1.150634765625000000e+00
7.756347656250000000e-01
2.275634765625000000e+00
1.525634765625000000e+00
2.563476562500000000e-02
3.735351562500000000e-02
1.537353515625000000e+00
2.287353515625000000e+00
7.873535156250000000e-01
1.162353515625000000e+00
2.662353515625000000e+00
1.912353515625000000e+00
4.123535156250000000e-01
5.998535156250000000e-01
2.099853515625000000e+00
2.849853515625000000e+00
1.349853515625000000e+00
9.748535156250000000e-01
2.474853515625000000e+00
1.724853515625000000e+00
2.248535156250000000e-01
3.186035156250000000e-01
1.818603515625000000e+00
2.568603515625000000e+00
1.068603515625000000e+00
1.443603515625000000e+00
2.943603515625000000e+00
2.193603515625000000e+00
6.936035156250000000e-01
5.061035156250000000e-01
2.006103515625000000e+00
2.756103515625000000e+00
1.256103515625000000e+00
8.811035156250000000e-01
2.381103515625000000e+00
1.631103515625000000e+00
1.311035156250000000e-01
1.779785156250000000e-01
1.677978515625000000e+00
2.427978515625000000e+00
9.279785156250000000e-01
1.302978515625000000e+00
2.802978515625000000e+00
2.052978515625000000e+00
5.529785156250000000e-01
7.404785156250000000e-01
2.240478515625000000e+00
2.990478515625000000e+00
1.490478515625000000e+00
1.115478515625000000e+00
2.615478515625000000e+00
1.865478515625000000e+00
3.654785156250000000e-01
2.717285156250000000e-01
1.771728515625000000e+00
2.521728515625000000e+00
1.021728515625000000e+00
1.396728515625000000e+00
2.896728515625000000e+00
2.146728515625000000e+00
6.467285156250000000e-01
4.592285156250000000e-01
1.959228515625000000e+00
2.709228515625000000e+00
1.209228515625000000e+00
8.342285156250000000e-01
2.334228515625000000e+00
1.584228515625000000e+00
8.422851562500000000e-02
6.079101562500000000e-02
1.560791015625000000e+00
2.310791015625000000e+00
8.107910156250000000e-01
1.185791015625000000e+00
2.685791015625000000e+00
1.935791015625000000e+00
4.357910156250000000e-01
6.232910156250000000e-01
2.123291015625000000e+00
2.873291015625000000e+00
1.373291015625000000e+00
9.982910156250000000e-01
2.498291015625000000e+00
1.748291015625000000e+00
2.482910156250000000e-01
3.420410156250000000e-01
1.842041015625000000e+00
2.592041015625000000e+00
1.092041015625000000e+00
1.467041015625000000e+00
2.967041015625000000e+00
2.217041015625000000e+00
7.170410156250000000e-01
5.295410156250000000e-01
2.029541015625000000e+00
2.779541015625000000e+00
1.279541015625000000e+00
9.045410156250000000e-01
2.404541015625000000e+00
1.654541015625000000e+00
1.545410156250000000e-01
1.076660156250000000e-01
1.607666015625000000e+00
2.357666015625000000e+00
8.576660156250000000e-01
1.232666015625000000e+00
2.732666015625000000e+00
1.982666015625000000e+00
4.826660156250000000e-01
6.701660156250000000e-01
2.170166015625000000e+00
2.920166015625000000e+00
1.420166015625000000e+00
1.045166015625000000e+00
2.545166015625000000e+00
1.795166015625000000e+00
2.951660156250000000e-01
2.014160156250000000e-01
1.701416015625000000e+00
2.451416015625000000e+00
9.514160156250000000e-01
1.326416015625000000e+00
2.826416015625000000e+00
2.076416015625000000e+00
5.764160156250000000e-01
3.889160156250000000e-01
1.888916015625000000e+00
2.638916015625000000e+00
1.138916015625000000e+00
7.639160156250000000e-01
2.263916015625000000e+00
1.513916015625000000e+00
1.391601562500000000e-02
1.977539062500000000e-02
1.519775390625000000e+00
2.269775390625000000e+00
7.697753906250000000e-01
1.144775390625000000e+00
2.644775390625000000e+00
1.894775390625000000e+00
3.947753906250000000e-01
5.822753906250000000e-01
2.082275390625000000e+00
2.832275390625000000e+00
1.332275390625000000e+00
9.572753906250000000e-01
2.457275390625000000e+00
1.707275390625000000e+00
2.072753906250000000e-01
3.010253906250000000e-01
1.801025390625000000e+00
2.551025390625000000e+00
1.051025390625000000e+00
1.426025390625000000e+00
2.926025390625000000e+00
2.176025390625000000e+00
6.760253906250000000e-01
4.885253906250000000e-01
1.988525390625000000e+00
2.738525390625000000e+00
1.238525390625000000e+00
8.635253906250000000e-01
2.363525390625000000e+00
1.613525390625000000e+00
1.135253906250000000e-01
1.604003906250000000e-01
1.660400390625000000e+00
2.410400390625000000e+00
9.104003906250000000e-01
1.285400390625000000e+00
2.785400390625000000e+00
2.035400390625000000e+00
5.354003906250000000e-01
7.229003906250000000e-01
2.222900390625000000e+00
2.972900390625000000e+00
1.472900390625000000e+00
1.097900390625000000e+00
2.597900390625000000e+00
1.847900390625000000e+00
3.479003906250000000e-01
2.541503906250000000e-01
1.754150390625000000e+00
2.504150390625000000e+00
1.004150390625000000e+00
1.379150390625000000e+00
2.879150390625000000e+00
2.129150390625000000e+00
6.291503906250000000e-01
4.416503906250000000e-01
1.941650390625000000e+00
2.691650390625000000e+00
1.191650390625000000e+00
8.166503906250000000e-01
2.316650390625000000e+00
1.566650390625000000e+00
6.665039062500000000e-02
9.008789062500000000e-02
1.590087890625000000e+00
2.340087890625000000e+00
8.400878906250000000e-01
1.215087890625000000e+00
2.715087890625000000e+00
1.965087890625000000e+00
4.650878906250000000e-01
6.525878906250000000e-01
2.152587890625000000e+00
2.902587890625000000e+00
1.402587890625000000e+00
1.027587890625000000e+00
2.527587890625000000e+00
1.777587890625000000e+00
2.775878906250000000e-01
3.713378906250000000e-01
1.871337890625000000e+00
2.621337890625000000e+00
1.121337890625000000e+00
1.496337890625000000e+00
2.996337890625000000e+00
2.246337890625000000e+00
7.463378906250000000e-01
5.588378906250000000e-01
2.058837890625000000e+00
2.808837890625000000e+00
1.308837890625000000e+00
9.338378906250000000e-01
2.433837890625000000e+00
1.683837890625000000e+00
1.838378906250000000e-01
1.369628906250000000e-01
1.636962890625000000e+00
2.386962890625000000e+00
8.869628906250000000e-01
1.261962890625000000e+00
2.761962890625000000e+00
2.011962890625000000e+00
5.119628906250000000e-01
6.994628906250000000e-01
2.199462890625000000e+00
2.949462890625000000e+00
1.449462890625000000e+00
1.074462890625000000e+00
2.574462890625000000e+00
1.824462890625000000e+00
3.244628906250000000e-01
2.307128906250000000e-01
1.730712890625000000e+00
2.480712890625000000e+00
9.807128906250000000e-01
1.355712890625000000e+00
2.855712890625000000e+00
2.105712890625000000e+00
6.057128906250000000e-01
4.182128906250000000e-01
1.918212890625000000e+00
2.668212890625000000e+00
1.168212890625000000e+00
7.932128906250000000e-01
2.293212890625000000e+00
1.543212890625000000e+00
4.321289062500000000e-02
3.149414062500000000e-02
1.531494140625000000e+00
2.281494140625000000e+00
7.814941406250000000e-01
1.156494140625000000e+00
2.656494140625000000e+00
1.906494140625000000e+00
4.064941406250000000e-01
5.939941406250000000e-01
2.093994140625000000e+00
2.843994140625000000e+00
1.343994140625000000e+00
9.689941406250000000e-01
2.468994140625000000e+00
1.718994140625000000e+00
2.189941406250000000e-01
3.127441406250000000e-01
1.812744140625000000e+00
2.562744140625000000e+00
1.062744140625000000e+00
1.437744140625000000e+00
2.937744140625000000e+00
2.187744140625000000e+00
6.877441406250000000e-01
5.002441406250000000e-01
2.000244140625000000e+00
2.750244140625000000e+00
1.250244140625000000e+00
8.752441406250000000e-01
2.375244140625000000e+00
1.625244140625000000e+00
1.252441406250000000e-01
1.721191406250000000e-01
1.672119140625000000e+00
2.422119140625000000e+00
9.221191406250000000e-01
1.297119140625000000e+00
2.797119140625000000e+00
2.047119140625000000e+00
5.471191406250000000e-01
7.346191406250000000e-01
2.234619140625000000e+00
2.984619140625000000e+00
1.484619140625000000e+00
1.109619140625000000e+00
2.609619140625000000e+00
1.859619140625000000e+00
3.596191406250000000e-01
2.658691406250000000e-01
1.765869140625000000e+00
2.515869140625000000e+00
1.015869140625000000e+00
1.390869140625000000e+00
2.890869140625000000e+00
2.140869140625000000e+00
6.408691406250000000e-01
4.533691406250000000e-01
1.953369140625000000e+00
2.703369140625000000e+00
1.203369140625000000e+00
8.283691406250000000e-01
2.328369140625000000e+00
1.578369140625000000e+00
7.836914062500000000e-02
5.493164062500000000e-02
1.554931640625000000e+00
2.304931640625000000e+00
8.049316406250000000e-01
1.179931640625000000e+00
2.679931640625000000e+00
1.929931640625000000e+00
4.299316406250000000e-01
6.174316406250000000e-01
2.117431640625000000e+00
2.867431640625000000e+00
1.367431640625000000e+00
9.924316406250000000e-01
2.492431640625000000e+00
1.742431640625000000e+00
2.424316406250000000e-01
3.361816406250000000e-01
1.836181640625000000e+00
2.586181640625000000e+00
1.086181640625000000e+00
1.461181640625000000e+00
2.961181640625000000e+00
2.211181640625000000e+00
7.111816406250000000e-01
5.236816406250000000e-01
2.023681640625000000e+00
2.773681640625000000e+00
1.273681640625000000e+00
8.986816406250000000e-01
2.398681640625000000e+00
1.648681640625000000e+00
1.486816406250000000e-01
1.018066406250000000e-01
1.601806640625000000e+00
2.351806640625000000e+00
8.518066406250000000e-01
1.226806640625000000e+00
2.726806640625000000e+00
1.976806640625000000e+00
4.768066406250000000e-01
6.643066406250000000e-01
2.164306640625000000e+00
2.914306640625000000e+00
1.414306640625000000e+00
1.039306640625000000e+00
2.539306640625000000e+00
1.789306640625000000e+00
2.893066406250000000e-01
1.955566406250000000e-01
1.695556640625000000e+00
2.445556640625000000e+00
9.455566406250000000e-01
1.320556640625000000e+00
2.820556640625000000e+00
2.070556640625000000e+00
5.705566406250000000e-01
3.830566406250000000e-01
1.883056640625000000e+00
2.633056640625000000e+00
1.133056640625000000e+00
7.580566406250000000e-01
2.258056640625000000e+00
1.508056640625000000e+00
8.056640625000000000e-03
1.098632812500000000e-02
1.510986328125000000e+00
2.260986328125000000e+00
7.609863281250000000e-01
1.135986328125000000e+00
2.635986328125000000e+00
1.885986328125000000e+00
3.859863281250000000e-01
5.734863281250000000e-01
2.073486328125000000e+00
2.823486328125000000e+00
1.323486328125000000e+00
9.484863281250000000e-01
2.448486328125000000e+00
1.698486328125000000e+00
1.984863281250000000e-01
2.922363281250000000e-01
1.792236328125000000e+00
2.542236328125000000e+00
1.042236328125000000e+00
1.417236328125000000e+00
2.917236328125000000e+00
2.167236328125000000e+00
6.672363281250000000e-01
4.797363281250000000e-01
1.979736328125000000e+00
2.729736328125000000e+00
1.229736328125000000e+00
8.547363281250000000e-01
2.354736328125000000e+00
1.604736328125000000e+00
1.047363281250000000e-01
1.516113281250000000e-01
1.651611328125000000e+00
2.401611328125000000e+00
9.016113281250000000e-01
1.276611328125000000e+00
2.776611328125000000e+00
2.026611328125000000e+00
5.266113281250000000e-01
7.141113281250000000e-01
2.214111328125000000e+00
2.964111328125000000e+00
1.464111328125000000e+00
1.089111328125000000e+00
2.589111328125000000e+00
1.839111328125000000e+00
3.391113281250000000e-01
2.453613281250000000e-01
1.745361328125000000e+00
2.495361328125000000e+00
9.953613281250000000e-01
1.370361328125000000e+00
2.870361328125000000e+00
2.120361328125000000e+00
6.203613281250000000e-01
4.328613281250000000e-01
1.932861328125000000e+00
2.682861328125000000e+00
1.182861328125000000e+00
8.078613281250000000e-01
2.307861328125000000e+00
1.557861328125000000e+00
5.786132812500000000e-02
8.129882812500000000e-02
1.581298828125000000e+00
2.331298828125000000e+00
8.312988281250000000e-01
1.206298828125000000e+00
2.706298828125000000e+00
1.956298828125000000e+00
4.562988281250000000e-01
6.437988281250000000e-01
2.143798828125000000e+00
2.893798828125000000e+00
1.393798828125000000e+00
1.018798828125000000e+00
2.518798828125000000e+00
1.768798828125000000e+00
2.687988281250000000e-01
3.625488281250000000e-01
1.862548828125000000e+00
2.612548828125000000e+00
1.112548828125000000e+00
1.487548828125000000e+00
2.987548828125000000e+00
2.237548828125000000e+00
7.375488281250000000e-01
5.500488281250000000e-01
2.050048828125000000e+00
2.800048828125000000e+00
1.300048828125000000e+00
9.250488281250000000e-01
2.425048828125000000e+00
1.675048828125000000e+00
1.750488281250000000e-01
1.281738281250000000e-01
1.628173828125000000e+00
2.378173828125000000e+00
8.781738281250000000e-01
1.253173828125000000e+00
2.753173828125000000e+00
2.003173828125000000e+00
5.031738281250000000e-01
6.906738281250000000e-01
2.190673828125000000e+00
2.940673828125000000e+00
1.440673828125000000e+00
1.065673828125000000e+00
2.565673828125000000e+00
1.815673828125000000e+00
3.156738281250000000e-01
2.219238281250000000e-01
1.721923828125000000e+00
2.471923828125000000e+00
9.719238281250000000e-01
1.346923828125000000e+00
2.846923828125000000e+00
2.096923828125000000e+00
5.969238281250000000e-01
4.094238281250000000e-01
1.909423828125000000e+00
2.659423828125000000e+00
1.159423828125000000e+00
7.844238281250000000e-01
2.284423828125000000e+00
1.534423828125000000e+00
3.442382812500000000e-02
4.614257812500000000e-02
1.546142578125000000e+00
2.296142578125000000e+00
7.961425781250000000e-01
1.171142578125000000e+00
2.671142578125000000e+00
1.921142578125000000e+00
4.211425781250000000e-01
6.086425781250000000e-01
2.108642578125000000e+00
2.858642578125000000e+00
1.358642578125000000e+00
9.836425781250000000e-01
2.483642578125000000e+00
1.733642578125000000e+00
2.336425781250000000e-01
3.273925781250000000e-01
1.827392578125000000e+00
2.577392578125000000e+00
1.077392578125000000e+00
1.452392578125000000e+00
2.952392578125000000e+00
2.202392578125000000e+00
7.023925781250000000e-01
5.148925781250000000e-01
2.014892578125000000e+00
2.764892578125000000e+00
1.264892578125000000e+00
8.898925781250000000e-01
2.389892578125000000e+00
1.639892578125000000e+00
1.398925781250000000e-01
1.867675781250000000e-01
1.686767578125000000e+00
2.436767578125000000e+00
9.367675781250000000e-01
1.311767578125000000e+00
2.811767578125000000e+00
2.061767578125000000e+00
5.617675781250000000e-01
7.492675781250000000e-01
2.249267578125000000e+00
2.999267578125000000e+00
1.499267578125000000e+00
1.124267578125000000e+00
2.624267578125000000e+00
1.874267578125000000e+00
3.742675781250000000e-01
2.805175781250000000e-01
1.780517578125000000e+00
2.530517578125000000e+00
1.030517578125000000e+00
1.405517578125000000e+00
2.905517578125000000e+00
2.155517578125000000e+00
6.555175781250000000e-01
4.680175781250000000e-01
1.968017578125000000e+00
2.718017578125000000e+00
1.218017578125000000e+00
8.430175781250000000e-01
2.343017578125000000e+00
1.593017578125000000e+00
9.301757812500000000e-02
6.958007812500000000e-02
1.569580078125000000e+00
2.319580078125000000e+00
8.195800781250000000e-01
1.194580078125000000e+00
2.694580078125000000e+00
1.944580078125000000e+00
4.445800781250000000e-01
6.320800781250000000e-01
2.132080078125000000e+00
2.882080078125000000e+00
1.382080078125000000e+00
1.007080078125000000e+00
2.507080078125000000e+00
1.757080078125000000e+00
2.570800781250000000e-01
3.508300781250000000e-01
1.850830078125000000e+00
2.600830078125000000e+00
1.100830078125000000e+00
1.475830078125000000e+00
2.975830078125000000e+00
2.225830078125000000e+00
7.258300781250000000e-01
5.383300781250000000e-01
2.038330078125000000e+00
2.788330078125000000e+00
1.288330078125000000e+00
9.133300781250000000e-01
2.413330078125000000e+00
1.663330078125000000e+00
1.633300781250000000e-01
1.164550781250000000e-01
1.616455078125000000e+00
2.366455078125000000e+00
8.664550781250000000e-01
1.241455078125000000e+00
2.741455078125000000e+00
1.991455078125000000e+00
4.914550781250000000e-01
6.789550781250000000e-01
2.178955078125000000e+00
2.928955078125000000e+00
1.428955078125000000e+00
1.053955078125000000e+00
2.553955078125000000e+00
1.803955078125000000e+00
3.039550781250000000e-01
2.102050781250000000e-01
1.710205078125000000e+00
2.460205078125000000e+00
9.602050781250000000e-01
1.335205078125000000e+00
2.835205078125000000e+00
2.085205078125000000e+00
5.852050781250000000e-01
3.977050781250000000e-01
1.897705078125000000e+00
2.647705078125000000e+00
1.147705078125000000e+00
7.727050781250000000e-01
2.272705078125000000e+00
1.522705078125000000e+00
2.270507812500000000e-02
1.684570312500000000e-02
1.516845703125000000e+00
2.266845703125000000e+00
7.668457031250000000e-01
1.141845703125000000e+00
2.641845703125000000e+00
1.891845703125000000e+00
3.918457031250000000e-01
5.793457031250000000e-01
2.079345703125000000e+00
2.829345703125000000e+00
1.329345703125000000e+00
9.543457031250000000e-01
2.454345703125000000e+00
1.704345703125000000e+00
2.043457031250000000e-01
2.980957031250000000e-01
1.798095703125000000e+00
2.548095703125000000e+00
1.048095703125000000e+00
1.423095703125000000e+00
2.923095703125000000e+00
2.173095703125000000e+00
6.730957031250000000e-01
4.855957031250000000e-01
1.985595703125000000e+00
2.735595703125000000e+00
1.235595703125000000e+00
8.605957031250000000e-01
2.360595703125000000e+00
1.610595703125000000e+00
1.105957031250000000e-01
1.574707031250000000e-01
1.657470703125000000e+00
2.407470703125000000e+00
9.074707031250000000e-01
1.282470703125000000e+00
2.782470703125000000e+00
2.032470703125000000e+00
5.324707031250000000e-01
7.199707031250000000e-01
2.219970703125000000e+00
2.969970703125000000e+00
1.469970703125000000e+00
1.094970703125000000e+00
2.594970703125000000e+00
1.844970703125000000e+00
3.449707031250000000e-01
2.512207031250000000e-01
1.751220703125000000e+00
2.501220703125000000e+00
1.001220703125000000e+00
1.376220703125000000e+00
2.876220703125000000e+00
2.126220703125000000e+00
6.262207031250000000e-01
4.387207031250000000e-01
1.938720703125000000e+00
2.688720703125000000e+00
1.188720703125000000e+00
8.137207031250000000e-01
2.313720703125000000e+00
1.563720703125000000e+00
6.372070312500000000e-02
8.715820312500000000e-02
1.587158203125000000e+00
2.337158203125000000e+00
8.371582031250000000e-01
1.212158203125000000e+00
2.712158203125000000e+00
1.962158203125000000e+00
4.621582031250000000e-01
6.496582031250000000e-01
2.149658203125000000e+00
2.899658203125000000e+00
1.399658203125000000e+00
1.024658203125000000e+00
2.524658203125000000e+00
1.774658203125000000e+00
2.746582031250000000e-01
3.684082031250000000e-01
1.868408203125000000e+00
2.618408203125000000e+00
1.118408203125000000e+00
1.493408203125000000e+00
2.993408203125000000e+00
2.243408203125000000e+00
7.434082031250000000e-01
5.559082031250000000e-01
2.055908203125000000e+00
2.805908203125000000e+00
1.305908203125000000e+00
9.309082031250000000e-01
2.430908203125000000e+00
1.680908203125000000e+00
1.809082031250000000e-01
1.340332031250000000e-01
1.634033203125000000e+00
2.384033203125000000e+00
8.840332031250000000e-01
1.259033203125000000e+00
2.759033203125000000e+00
2.009033203125000000e+00
5.090332031250000000e-01
6.965332031250000000e-01
2.196533203125000000e+00
2.946533203125000000e+00
1.446533203125000000e+00
1.071533203125000000e+00
2.571533203125000000e+00
1.821533203125000000e+00
3.215332031250000000e-01
2.277832031250000000e-01
1.727783203125000000e+00
2.477783203125000000e+00
9.777832031250000000e-01
1.352783203125000000e+00
2.852783203125000000e+00
2.102783203125000000e+00
6.027832031250000000e-01
4.152832031250000000e-01
1.915283203125000000e+00
2.665283203125000000e+00
1.165283203125000000e+00
7.902832031250000000e-01
2.290283203125000000e+00
1.540283203125000000e+00
4.028320312500000000e-02
2.856445312500000000e-02
1.528564453125000000e+00
2.278564453125000000e+00
7.785644531250000000e-01
1.153564453125000000e+00
2.653564453125000000e+00
1.903564453125000000e+00
4.035644531250000000e-01
5.910644531250000000e-01
2.091064453125000000e+00
2.841064453125000000e+00
1.341064453125000000e+00
9.660644531250000000e-01
2.466064453125000000e+00
1.716064453125000000e+00
2.160644531250000000e-01
3.098144531250000000e-01
1.809814453125000000e+00
2.559814453125000000e+00
1.059814453125000000e+00
1.434814453125000000e+00
2.934814453125000000e+00
2.184814453125000000e+00
6.848144531250000000e-01
4.973144531250000000e-01
1.997314453125000000e+00
2.747314453125000000e+00
1.247314453125000000e+00
8.723144531250000000e-01
2.372314453125000000e+00
1.622314453125000000e+00
1.223144531250000000e-01
1.691894531250000000e-01
1.669189453125000000e+00
2.419189453125000000e+00
9.191894531250000000e-01
1.294189453125000000e+00
2.794189453125000000e+00
2.044189453125000000e+00
5.441894531250000000e-01
7.316894531250000000e-01
2.231689453125000000e+00
2.981689453125000000e+00
1.481689453125000000e+00
1.106689453125000000e+00
2.606689453125000000e+00
1.856689453125000000e+00
3.566894531250000000e-01
2.629394531250000000e-01
1.762939453125000000e+00
2.512939453125000000e+00
1.012939453125000000e+00
1.387939453125000000e+00
2.887939453125000000e+00
2.137939453125000000e+00
6.379394531250000000e-01
4.504394531250000000e-01
1.950439453125000000e+00
